#DENON 1
000111111100001111111000011111100001111111111111111110000111111000011111110000111111111111111110000111111100001111110000111111100001111111000011111100001111111111111111110001111111000011111110001111111111111111
000011111110000111111100001111110000111111111111111111000111111100001111111000111111111111111111000011111110001111111000011111110000111111100011111110000111111111111111111000111111100001111111000011111111111111
#DENON 2
0001111111000011111110001111111100011111111111111111100001111110000111111111111111111000111111111111111111000011111110001111111000011111110000111111000011111110000111111111111111110000111111100001111111000111111111111111111111
00001111111000111111111111111111000011111111111111111000011111110000111111100011111110000111111100001111110000111111111111111111000011111100001111111000011111111111111111
#DENON 3
000111111100001111111000011111110001111111111111111110000111111000011111110000111111100011111111111111111100001111111000111111100001111111000011111100001111111111111111110001111111000011111110000111111111111111
000111111100001111111000111111100001111111111111111110001111111000011111110000111111100011111111111111111100011111110000111111100001111111000011111100001111111111111111110001111111000011111110001111111111111111
#DENON 4
0000111111000011111110000111111100011111111111111111100001111111000111111111111111111000011111100001111111111111111110000111111000011111110000111111100011111110000111111111111111110000111111100001111111000111111111111111111111
00001111111000011111111111111111000011111110000111111111111111110000111111100011111110000111111100001111111000111111111111111111000011111110001111111000011111111111111111
#DENON 5
0000111111100011111110000111111100011111111111111111100001111111000011111100001111111111111111110000111111111111111110000111111100011111110000111111100001111110000111111111111111111000011111100001111111000011111111111111111111
00001111111000011111110001111111111111111110000111111111111111110000111111100001111111000111111100001111111000011111111111111111000011111110001111111000011111111111111111
