000000111111111111111111111111111000000111110000001111100000011111000000111110000001111100000011111000000111110000001111100000011111000000111111111111111111111111111111111111111111111111111111111111111111111111111111111111111111111111111111111111111111111111111111111111111111111111111111111111111111111111111111111111111111111111111111111000000011111111111111111111111111000000111111111100000000000011111111110000000111110000001111100000011111000000000001111111111100000011111000000111111111111111

000000111111111111111111111111110000000111100000001111000000011110000000111100000011111100000111111000000111110000001111100000011111000000111111111111111111111111111111111111111111111111111111111111111111111111111111111111111111111111111111111111111111111111111111111111111111111111111111111111111111111111111111111111111111111111111111111000000111111111111111111111111111000000111110000001111111111000000011110000000111100000000000011111111110000000000011111111111000000011110000000111111111111111

000000111111111111111111111111110000000111100000001111000000011110000000111100000001111100000011111000000111110000001111100000011111000000111111111111111111111111111111111111111111111111111111111111111111111111111111111111111111111111111111111111111111111111111111111111111111111111111111111111111111111111111111111111111111111111111111111000000111111111111111111111111111000000111111111100000000000011111111110000000111100000000000011111111110000000000001111111111000000011110000000111111111111111

000000111111111111111111111111110000000111100000001111000000011110000000111100000001111000000011110000000111100000001111000000011110000000111111111111111111111111111111111111111111111111111111111111111111111111111111111111111111111111111111111111111111111111111111111111111111111111111111111111111111111111111111111111111111111111111111111000000111111111111111111111111110000000111100000001111000000011111111110000000111100000000000011111111110000000000001111111111000000011110000000111111111111111

000000111111111111111111111111111000000111110000001111100000011111000000111110000001111100000011111000000111110000001111100000011111000000111111111111111111111111111111111111111111111111111111111111111111111111111111111111111111111111111111111111111111111111111111111111111111111111111111111111111111111111111111111111111111111111111111111000000111111111111111111111111111000000111111111100000001111000000000000111111111100000000000011111111110000000000001111111111100000011111000000111111111111111

000000011111111111111111111111111000000011110000001111100000011111000000111110000001111100000001111000000011110000000111100000001111000000011111111111111111111111111111111111111111111111111111111111111111111111111111111111111111111111111111111111111111111111111111111111111111111111111111111111111111111111111111111111111111111111111111111100000011111111111111111111111111000000011110000000111111111100000000000011111111110000000000011111111111000000000000111111111100000001111000000011111111111111

000000111111111111111111111111111000000111110000001111100000011111000000011110000001111100000011111000000111110000001111100000011111000000111111111111111111111111111111111111111111111111111111111111111111111111111111111111111111111111111111111111111111111111111111111111111111111111111111111111111111111111111111111111111111111111111111111000000011111111111111111111111111000000011111111110000000000011111000000011111111110000000000011111111111000000000001111111111100000011111000000111111111111111

000000111111111111111111111111111000000111110000001111100000011111000000011110000001111100000011111000000111110000001111100000011111000000111111111111111111111111111111111111111111111111111111111111111111111111111111111111111111111111111111111111111111111111111111111111111111111111111111111111111111111111111111111111111111111111111111111000000011111111111111111111111111000000111110000001111100000011111000000111111111110000000000011111111111000000000001111111111100000011111000000111111111111111

000000011111111111111111111111111000000111110000001111100000011111000000011110000000111100000001111000000011110000000111100000001111000000011111111111111111111111111111111111111111111111111111111111111111111111111111111111111111111111111111111111111111111111111111111111111111111111111111111111111111111111111111111111111111111111111111111000000011111111111111111111111111000000011111111110000001111100000011111000000000001111100000011111111111000000000000111111111100000011111000000111111111111111

000000111111111111111111111111110000000111100000001111000000011110000000111100000001111000000011111000000111110000001111100000011111000000111111111111111111111111111111111111111111111111111111111111111111111111111111111111111111111111111111111111111111111111111111111111111111111111111111111111111111111111111111111111111111111111111111111000000111111111111111111111111111000000111110000001111111111000000011110000000000001111100000011111111110000000000001111111111000000011110000000111111111111111

000000011111111111111111111111111000000011110000001111100000001111000000011110000000111100000001111000000011110000000111100000001111000000011111111111111111111111111111111111111111111111111111111111111111111111111111111111111111111111111111111111111111111111111111111111111111111111111111111111111111111111111111111111111111111111111111111000000011111111111111111111111111000000011111111110000001111100000011111000000111110000000000011111111111000000000000111111111100000011111000000011111111111111

000000011111111111111111111111111000000111110000000111100000001111000000011110000000111100000001111000000011110000000111100000001111000000011111111111111111111111111111111111111111111111111111111111111111111111111111111111111111111111111111111111111111111111111111111111111111111111111111111111111111111111111111111111111111111111111111111000000011111111111111111111111111000000011110000000111111111100000000000011110000000111111111100000000000011110000000111111111100000001111000000011111111111111

000000011111111111111111111111111000000111110000001111100000001111000000111110000000111100000011111000000011110000000111100000001111000000011111111111111111111111111111111111111111111111111111111111111111111111111111111111111111111111111111111111111111111111111111111111111111111111111111111111111111111111111111111111111111111111111111111000000011111111111111111111111111000000011110000000111111111100000011111000000011110000000111100000011111000000000001111111111100000011111000000111111111111111

000000111111111111111111111111111000000111110000001111100000011111000000111110000001111100000011111000000111110000001111100000011111000000111111111111111111111111111111111111111111111111111111111111111111111111111111111111111111111111111111111111111111111111111111111111111111111111111111111111111111111111111111111111111111111111111111111000000011111111111111111111111111000000111111111100000000000011111111110000000000001111111111000000000000111110000001111111111100000011111000000111111111111111

000000111111111111111111111111110000000111100000001111000000011111000000111110000001111100000011111000000111110000001111100000011111000000111111111111111111111111111111111111111111111111111111111111111111111111111111111111111111111111111111111111111111111111111111111111111111111111111111111111111111111111111111111111111111111111111111111000000011111111111111111111111111000000111111111100000001111000000011110000000000001111111111000000011110000000000001111111111000000011110000000111111111111111

000000011111111111111111111111111000000111110000001111100000011111000000011110000001111100000011111000000111110000001111100000011111000000011111111111111111111111111111111111111111111111111111111111111111111111111111111111111111111111111111111111111111111111111111111111111111111111111111111111111111111111111111111111111111111111111111111000000011111111111111111111111111000000111111111110000001111100000011111000000111110000001111100000011111000000000001111111111100000001111000000011111111111111

000000011111111111111111111111111000000111110000000111100000001111000000111110000001111100000011111000000111110000001111100000011111000000111111111111111111111111111111111111111111111111111111111111111111111111111111111111111111111111111111111111111111111111111111111111111111111111111111111111111111111111111111111111111111111111111111111000000011111111111111111111111111000000011110000000111111111100000011111000000000001111111111100000001111000000000001111111111100000011111000000111111111111111

000000111111111111111111111111110000000111100000001111000000011110000000111110000001111100000011111000000111110000001111100000011111000000111111111111111111111111111111111111111111111111111111111111111111111111111111111111111111111111111111111111111111111111111111111111111111111111111111111111111111111111111111111111111111111111111111111000000111111111111111111111111111000000111110000001111100000011111111110000000000001111111111000000000000111110000001111111111000000011110000000111111111111111

000000011111111111111111111111111000000111110000000111100000001111000000011110000000111100000001111000000011110000000111100000001111000000011111111111111111111111111111111111111111111111111111111111111111111111111111111111111111111111111111111111111111111111111111111111111111111111111111111111111111111111111111111111111111111111111111111100000011111111111111111111111111000000011110000000111100000001111000000011111111110000000111100000001111000000000000111111111100000001111000000011111111111111

000000111111111111111111111111110000000111100000001111000000011110000000111100000001111000000011110000000111100000001111000000011110000000111111111111111111111111111111111111111111111111111111111111111111111111111111111111111111111111111111111111111111111111111111111111111111111111111111111111111111111111111111111111111111111111111111111000000111111111111111111111111111000000111111111100000001111000000011110000000111100000000000011111000000111110000001111111111000000011110000000111111111111111

000000011111111111111111111111111000000111110000001111100000001111000000011110000000111100000001111000000011110000000111100000001111000000011111111111111111111111111111111111111111111111111111111111111111111111111111111111111111111111111111111111111111111111111111111111111111111111111111111111111111111111111111111111111111111111111111111000000011111111111111111111111111000000011111111110000000000011111111111000000000000111100000001111000000011110000000111111111100000001111000000011111111111111

000000111111111111111111111111110000000111100000001111000000011110000000111100000001111000000011110000000111110000001111100000011111000000111111111111111111111111111111111111111111111111111111111111111111111111111111111111111111111111111111111111111111111111111111111111111111111111111111111111111111111111111111111111111111111111111111111000000111111111111111111111111111000000111111111100000000000011111000000111110000001111100000011111000000111110000001111111111000000011110000000111111111111111

000000111111111111111111111111110000000111100000001111000000011110000000111110000001111100000011111000000111110000001111100000011111000000111111111111111111111111111111111111111111111111111111111111111111111111111111111111111111111111111111111111111111111111111111111111111111111111111111111111111111111111111111111111111111111111111111111000000111111111111111111111111111000000111110000001111100000011111111110000000000001111100000001111000000011110000001111111111000000011110000000111111111111111

000000011111111111111111111111111000000011110000000111100000001111000000111110000000111100000001111000000011110000000111100000001111000000011111111111111111111111111111111111111111111111111111111111111111111111111111111111111111111111111111111111111111111111111111111111111111111111111111111111111111111111111111111111111111111111111111111100000011111111111111111111111111000000011111111110000000000001111000000011110000000111111111100000000000111110000000111111111100000001111000000011111111111111

000000011111111111111111111111111000000011110000000111100000001111000000011110000000111100000001111000000011110000000111100000001111000000011111111111111111111111111111111111111111111111111111111111111111111111111111111111111111111111111111111111111111111111111111111111111111111111111111111111111111111111111111111111111111111111111111111100000011111111111111111111111111000000011110000000111111111100000000000011110000000111111111100000001111000000000000111111111100000001111000000011111111111111

000000111111111111111111111111110000000111100000001111000000011110000000111100000001111000000011110000000111100000001111100000011111000000111111111111111111111111111111111111111111111111111111111111111111111111111111111111111111111111111111111111111111111111111111111111111111111111111111111111111111111111111111111111111111111111111111111000000111111111111111111111111111000000111111111100000001111000000000000111110000001111111111000000011110000000000001111111111000000011110000000111111111111111

000000111111111111111111111111110000000111100000001111000000011110000000111100000001111000000011110000000111100000001111000000011110000000111111111111111111111111111111111111111111111111111111111111111111111111111111111111111111111111111111111111111111111111111111111111111111111111111111111111111111111111111111111111111111111111111111111000000111111111111111111111111111000000111110000001111100000011111111110000000000001111111111000000011110000000000001111111111000000011110000000111111111111111

000000011111111111111111111111111000000111110000001111100000011111000000111110000001111100000011111000000111110000001111100000011111000000111111111111111111111111111111111111111111111111111111111111111111111111111111111111111111111111111111111111111111111111111111111111111111111111111111111111111111111111111111111111111111111111111111111000000111111111111111111111111111000000111111111110000000000011111111111000000000001111111111100000011111000000000001111111111100000011111000000111111111111111

