#1
0000000001111111111111111111111111111111111111111111110000000011111110000000000000000111111100000000111111100000000111111100000000011111100000000011111111111111111111111111111111111111111111111111111111111111111111111111111111111111111111111111111111111111111111111111111111111111111111111111111111111111111111111111111111111111111111111111111111111111111111111111111111111111111111111111111111111111111111111111111111111111111111111111111111111111111111111111111111111111111111111111111000000000111111111111111111111111111111111111111111111000000000000000011111111111111100000000111111100000000111111100000000000000001111111111111100000000011111111111111111
0000000001111111111111111111111111111111111111111111110000000011111110000000000000000111111100000000011111100000000011111110000000011111110000000011111111111111111111111111111111111111111111111111111111111111111111111111111111111111111111111111111111111111111111111111111111111111111111111111111111111111111111111111111111111111111111111111111111111111111111111111111111111111111111111111111111111111111111111111111111111111111111111111111111111111111111111111111111111111111111111111111100000000011111111111111111111111111111111111111111111000000000000000001111111111111100000000111111100000000011111100000000000000000111111111111110000000011111111111111111
0000000001111111111111111111111111111111111111111111100000000011111110000000000000000111111100000000111111100000000111111100000000111111100000000011111111111111111111111111111111111111111111111111111111111111111111111111111111111111111111111111111111111111111111111111111111111111111111111111111111111111111111111111111111111111111111111111111111111111111111111111111111111111111111111111111111111111111111111111111111111111111111111111111111111111111111111111111111111111111111111111111000000000111111111111111111111111111111111111111111111000000000000000011111111111111000000000111111100000000111111100000000000000001111111111111100000000011111111111111111
0000000001111111111111111111111111111111111111111111110000000001111110000000000000000111111100000000011111100000000011111110000000011111110000000011111111111111111111111111111111111111111111111111111111111111111111111111111111111111111111111111111111111111111111111111111111111111111111111111111111111111111111111111111111111111111111111111111111111111111111111111111111111111111111111111111111111111111111111111111111111111111111111111111111111111111111111111111111111111111111111111111100000000011111111111111111111111111111111111111111111100000000000000001111111111111100000000011111100000000011111100000000000000000111111111111110000000011111111111111111
0000000001111111111111111111111111111111111111111111110000000001111110000000000000000011111100000000011111100000000011111110000000011111110000000011111111111111111111111111111111111111111111111111111111111111111111111111111111111111111111111111111111111111111111111111111111111111111111111111111111111111111111111111111111111111111111111111111111111111111111111111111111111111111111111111111111111111111111111111111111111111111111111111111111111111111111111111111111111111111111111111111100000000011111111111111111111111111111111111111111111100000000000000001111111111111100000000011111100000000011111110000000000000000111111111111110000000001111111111111111

#2
0000000001111111111111111111111111111111111111111111110000000011111110000000000000000111111100000000111111100000000011111100000000011111110000000011111111111111111111111111111111111111111111111111111111111111111111111111111111111111111111111111111111111111111111111111111111111111111111111111111111111111111111111111111111111111111111111111111111111111111111111111111111111111111111111111111111111111111111111111111111111111111111111111111111111111111111111111111111111111111111111111111100000000011111111111111111111111111111111111111111111000000000111111100000000000000001111111111111100000000011111100000000000000001111111111111110000000011111111111111111
0000000001111111111111111111111111111111111111111111110000000011111110000000000000000111111100000000111111100000000011111100000000011111100000000011111111111111111111111111111111111111111111111111111111111111111111111111111111111111111111111111111111111111111111111111111111111111111111111111111111111111111111111111111111111111111111111111111111111111111111111111111111111111111111111111111111111111111111111111111111111111111111111111111111111111111111111111111111111111111111111111111000000000111111111111111111111111111111111111111111111000000000111111000000000000000001111111111111100000000111111100000000000000001111111111111110000000011111111111111111
0000000001111111111111111111111111111111111111111111110000000011111110000000000000000111111100000000111111100000000011111100000000011111110000000011111111111111111111111111111111111111111111111111111111111111111111111111111111111111111111111111111111111111111111111111111111111111111111111111111111111111111111111111111111111111111111111111111111111111111111111111111111111111111111111111111111111111111111111111111111111111111111111111111111111111111111111111111111111111111111111111111100000000111111111111111111111111111111111111111111111000000000111111000000000000000001111111111111100000000111111100000000000000001111111111111110000000011111111111111111
0000000001111111111111111111111111111111111111111111100000000011111110000000000000000111111100000000111111100000000111111100000000011111100000000011111111111111111111111111111111111111111111111111111111111111111111111111111111111111111111111111111111111111111111111111111111111111111111111111111111111111111111111111111111111111111111111111111111111111111111111111111111111111111111111111111111111111111111111111111111111111111111111111111111111111111111111111111111111111111111111111111000000000111111111111111111111111111111111111111111111000000001111111000000000000000011111111111111100000000111111100000000000000001111111111111100000000011111111111111111
0000000001111111111111111111111111111111111111111111100000000011111110000000000000000111111000000000111111100000000111111100000000111111100000000011111111111111111111111111111111111111111111111111111111111111111111111111111111111111111111111111111111111111111111111111111111111111111111111111111111111111111111111111111111111111111111111111111111111111111111111111111111111111111111111111111111111111111111111111111111111111111111111111111111111111111111111111111111111111111111111111111000000000111111111111111111111111111111111111111111111000000001111111000000000000000011111111111111000000000111111100000000000000001111111111111100000000011111111111111111

#3
0000000001111111111111111111111111111111111111111111110000000011111110000000000000000111111100000000111111100000000011111100000000011111110000000011111111111111111111111111111111111111111111111111111111111111111111111111111111111111111111111111111111111111111111111111111111111111111111111111111111111111111111111111111111111111111111111111111111111111111111111111111111111111111111111111111111111111111111111111111111111111111111111111111111111111111111111111111111111111111111111111111100000000111111111111111111111111111111111111111111111000000000000000011111110000000001111111111111100000000111111100000000000000001111111111111110000000011111111111111111
0000000011111111111111111111111111111111111111111111100000000011111100000000000000000111111000000000111111100000000111111100000000111111100000000011111111111111111111111111111111111111111111111111111111111111111111111111111111111111111111111111111111111111111111111111111111111111111111111111111111111111111111111111111111111111111111111111111111111111111111111111111111111111111111111111111111111111111111111111111111111111111111111111111111111111111111111111111111111111111111111111111000000000111111111111111111111111111111111111111111111000000000000000011111110000000011111111111111000000000111111100000000000000001111111111111100000000011111111111111111
0000000001111111111111111111111111111111111111111111110000000011111110000000000000000111111100000000111111100000000111111100000000011111100000000011111111111111111111111111111111111111111111111111111111111111111111111111111111111111111111111111111111111111111111111111111111111111111111111111111111111111111111111111111111111111111111111111111111111111111111111111111111111111111111111111111111111111111111111111111111111111111111111111111111111111111111111111111111111111111111111111111000000000111111111111111111111111111111111111111111111000000000000000011111110000000011111111111111100000000111111100000000000000001111111111111100000000011111111111111111
0000000001111111111111111111111111111111111111111111110000000011111110000000000000000111111100000000011111100000000011111110000000011111110000000011111111111111111111111111111111111111111111111111111111111111111111111111111111111111111111111111111111111111111111111111111111111111111111111111111111111111111111111111111111111111111111111111111111111111111111111111111111111111111111111111111111111111111111111111111111111111111111111111111111111111111111111111111111111111111111111111111100000000011111111111111111111111111111111111111111111000000000000000001111110000000001111111111111100000000011111100000000000000000111111111111110000000011111111111111111
0000000011111111111111111111111111111111111111111111100000000011111100000000000000000111111000000000111111100000000111111100000000111111100000000011111111111111111111111111111111111111111111111111111111111111111111111111111111111111111111111111111111111111111111111111111111111111111111111111111111111111111111111111111111111111111111111111111111111111111111111111111111111111111111111111111111111111111111111111111111111111111111111111111111111111111111111111111111111111111111111111111000000000111111111111111111111111111111111111111111111000000000000000011111110000000011111111111111000000000111111100000000000000001111111111111100000000011111111111111111

#4
0000000001111111111111111111111111111111111111111111110000000011111110000000000000000111111100000000111111100000000111111100000000011111100000000011111111111111111111111111111111111111111111111111111111111111111111111111111111111111111111111111111111111111111111111111111111111111111111111111111111111111111111111111111111111111111111111111111111111111111111111111111111111111111111111111111111111111111111111111111111111111111111111111111111111111111111111111111111111111111111111111111000000000111111111111111111111111111111111111111111111000000001111111000000001111111100000000000000001111111111111100000000000000001111111111111110000000011111111111111111
0000000011111111111111111111111111111111111111111111100000000011111110000000000000000111111000000000111111100000000111111100000000111111100000000011111111111111111111111111111111111111111111111111111111111111111111111111111111111111111111111111111111111111111111111111111111111111111111111111111111111111111111111111111111111111111111111111111111111111111111111111111111111111111111111111111111111111111111111111111111111111111111111111111111111111111111111111111111111111111111111111111000000000111111111111111111111111111111111111111111111000000001111111000000000111111000000000000000011111111111111100000000000000011111111111111100000000011111111111111111
0000000001111111111111111111111111111111111111111111100000000111111110000000000000000111111000000000111111100000000111111100000000111111100000000111111111111111111111111111111111111111111111111111111111111111111111111111111111111111111111111111111111111111111111111111111111111111111111111111111111111111111111111111111111111111111111111111111111111111111111111111111111111111111111111111111111111111111111111111111111111111111111111111111111111111111111111111111111111111111111111111111000000000111111111111111111111111111111111111111111111000000001111111000000001111111000000000000000011111111111111100000000000000001111111111111100000000011111111111111111
0000000001111111111111111111111111111111111111111111110000000011111110000000000000000111111100000000111111100000000011111100000000111111110000000011111111111111111111111111111111111111111111111111111111111111111111111111111111111111111111111111111111111111111111111111111111111111111111111111111111111111111111111111111111111111111111111111111111111111111111111111111111111111111111111111111111111111111111111111111111111111111111111111111111111111111111111111111111111111111111111111111100000000111111111111111111111111111111111111111111111000000000111111000000000111111100000000000000011111111111111100000000000000001111111111111110000000011111111111111111
0000000011111111111111111111111111111111111111111111100000000011111110000000000000000111111000000000111111100000000111111100000000111111100000000011111111111111111111111111111111111111111111111111111111111111111111111111111111111111111111111111111111111111111111111111111111111111111111111111111111111111111111111111111111111111111111111111111111111111111111111111111111111111111111111111111111111111111111111111111111111111111111111111111111111111111111111111111111111111111111111111111000000000111111111111111111111111111111111111111111111000000001111111000000000111111000000000000000011111111111111100000000000000001111111111111100000000111111111111111111

#5
0000000001111111111111111111111111111111111111111111110000000011111110000000000000000111111100000000111111100000000011111100000000011111100000000011111111111111111111111111111111111111111111111111111111111111111111111111111111111111111111111111111111111111111111111111111111111111111111111111111111111111111111111111111111111111111111111111111111111111111111111111111111111111111111111111111111111111111111111111111111111111111111111111111111111111111111111111111111111111111111111111111000000000111111111111111111111111111111111111111111111000000000000000011111111111111100000000000000001111111111111100000000000000001111111111111110000000011111111111111111
0000000001111111111111111111111111111111111111111111110000000011111110000000000000000111111100000000111111100000000111111100000000011111100000000011111111111111111111111111111111111111111111111111111111111111111111111111111111111111111111111111111111111111111111111111111111111111111111111111111111111111111111111111111111111111111111111111111111111111111111111111111111111111111111111111111111111111111111111111111111111111111111111111111111111111111111111111111111111111111111111111111000000000111111111111111111111111111111111111111111111000000000000000011111111111111100000000000000001111111111111100000000000000001111111111111100000000011111111111111111
000000000111111111111111111111111111111111111111111110000000001111111000000000000000011111110000000011111110000000011111110000000001111110000000001111111111111111
0000000001111111111111111111111111111111111111111111110000000001111110000000000000000011111100000000011111100000000011111110000000011111110000000011111111111111111111111111111111111111111111111111111111111111111111111111111111111111111111111111111111111111111111111111111111111111111111111111111111111111111111111111111111111111111111111111111111111111111111111111111111111111111111111111111111111111111111111111111111111111111111111111111111111111111111111111111111111111111111111111111100000000011111111111111111111111111111111111111111111100000000000000001111111111111100000000000000001111111111111110000000000000000111111111111110000000001111111111111111
0000000001111111111111111111111111111111111111111111110000000001111110000000000000000111111100000000011111100000000011111110000000011111110000000011111111111111111111111111111111111111111111111111111111111111111111111111111111111111111111111111111111111111111111111111111111111111111111111111111111111111111111111111111111111111111111111111111111111111111111111111111111111111111111111111111111111111111111111111111111111111111111111111111111111111111111111111111111111111111111111111111100000000011111111111111111111111111111111111111111111000000000000000001111111111111100000000000000001111111111111100000000000000000111111111111110000000011111111111111111

#6
0000000001111111111111111111111111111111111111111111110000000011111110000000000000000111111100000000111111100000000011111100000000011111110000000011111111111111111111111111111111111111111111111111111111111111111111111111111111111111111111111111111111111111111111111111111111111111111111111111111111111111111111111111111111111111111111111111111111111111111111111111111111111111111111111111111111111111111111111111111111111111111111111111111111111111111111111111111111111111111111111111111100000000111111111111111111111111111111111111111111111000000000111111100000000000000011111110000000001111111111111100000000000000001111111111111110000000011111111111111111
0000000001111111111111111111111111111111111111111111110000000011111110000000000000000111111100000000111111100000000011111100000000011111110000000011111111111111111111111111111111111111111111111111111111111111111111111111111111111111111111111111111111111111111111111111111111111111111111111111111111111111111111111111111111111111111111111111111111111111111111111111111111111111111111111111111111111111111111111111111111111111111111111111111111111111111111111111111111111111111111111111111100000000111111111111111111111111111111111111111111111000000000111111000000000000000001111110000000011111111111111100000000000000001111111111111110000000011111111111111111
0000000001111111111111111111111111111111111111111111110000000011111110000000000000000111111100000000011111100000000011111100000000011111110000000011111111111111111111111111111111111111111111111111111111111111111111111111111111111111111111111111111111111111111111111111111111111111111111111111111111111111111111111111111111111111111111111111111111111111111111111111111111111111111111111111111111111111111111111111111111111111111111111111111111111111111111111111111111111111111111111111111100000000111111111111111111111111111111111111111111111000000000111111100000000000000001111110000000001111111111111100000000000000001111111111111110000000011111111111111111
0000000001111111111111111111111111111111111111111111110000000011111110000000000000000111111100000000111111100000000111111100000000011111100000000011111111111111111111111111111111111111111111111111111111111111111111111111111111111111111111111111111111111111111111111111111111111111111111111111111111111111111111111111111111111111111111111111111111111111111111111111111111111111111111111111111111111111111111111111111111111111111111111111111111111111111111111111111111111111111111111111111000000000111111111111111111111111111111111111111111111000000000111111000000000000000011111110000000001111111111111100000000000000001111111111111110000000011111111111111111
0000000001111111111111111111111111111111111111111111100000000011111110000000000000000111111100000000111111100000000011111100000000011111110000000011111111111111111111111111111111111111111111111111111111111111111111111111111111111111111111111111111111111111111111111111111111111111111111111111111111111111111111111111111111111111111111111111111111111111111111111111111111111111111111111111111111111111111111111111111111111111111111111111111111111111111111111111111111111111111111111111111100000000111111111111111111111111111111111111111111111000000000111111000000000000000001111110000000001111111111111100000000000000001111111111111110000000011111111111111111

#7
0000000001111111111111111111111111111111111111111111110000000001111110000000000000000111111100000000011111100000000011111110000000011111110000000011111111111111111111111111111111111111111111111111111111111111111111111111111111111111111111111111111111111111111111111111111111111111111111111111111111111111111111111111111111111111111111111111111111111111111111111111111111111111111111111111111111111111111111111111111111111111111111111111111111111111111111111111111111111111111111111111111100000000011111111111111111111111111111111111111111111100000000000000001111110000000001111111000000001111111111111100000000000000000111111111111110000000011111111111111111
0000000001111111111111111111111111111111111111111111100000000011111110000000000000000111111100000000111111100000000111111100000000111111100000000011111111111111111111111111111111111111111111111111111111111111111111111111111111111111111111111111111111111111111111111111111111111111111111111111111111111111111111111111111111111111111111111111111111111111111111111111111111111111111111111111111111111111111111111111111111111111111111111111111111111111111111111111111111111111111111111111111000000000111111111111111111111111111111111111111111111000000000000000011111110000000011111110000000011111111111111100000000000000001111111111111100000000011111111111111111
0000000001111111111111111111111111111111111111111111110000000011111110000000000000000111111100000000111111100000000011111100000000011111110000000011111111111111111111111111111111111111111111111111111111111111111111111111111111111111111111111111111111111111111111111111111111111111111111111111111111111111111111111111111111111111111111111111111111111111111111111111111111111111111111111111111111111111111111111111111111111111111111111111111111111111111111111111111111111111111111111111111100000000111111111111111111111111111111111111111111111000000000000000011111110000000001111110000000001111111111111100000000000000001111111111111110000000011111111111111111
0000000001111111111111111111111111111111111111111111110000000011111110000000000000000111111100000000111111100000000011111100000000011111110000000011111111111111111111111111111111111111111111111111111111111111111111111111111111111111111111111111111111111111111111111111111111111111111111111111111111111111111111111111111111111111111111111111111111111111111111111111111111111111111111111111111111111111111111111111111111111111111111111111111111111111111111111111111111111111111111111111111100000000111111111111111111111111111111111111111111111000000000000000011111110000000001111110000000011111111111111100000000000000001111111111111110000000011111111111111111
0000000001111111111111111111111111111111111111111111100000000011111110000000000000000111111100000000111111100000000111111100000000011111100000000011111111111111111111111111111111111111111111111111111111111111111111111111111111111111111111111111111111111111111111111111111111111111111111111111111111111111111111111111111111111111111111111111111111111111111111111111111111111111111111111111111111111111111111111111111111111111111111111111111111111111111111111111111111111111111111111111111000000000111111111111111111111111111111111111111111111000000000000000011111110000000011111110000000011111111111111100000000000000001111111111111100000000011111111111111111

#8
0000000001111111111111111111111111111111111111111111100000000011111110000000000000000111111000000000111111100000000111111100000000111111100000000011111111111111111111111111111111111111111111111111111111111111111111111111111111111111111111111111111111111111111111111111111111111111111111111111111111111111111111111111111111111111111111111111111111111111111111111111111111111111111111111111111111111111111111111111111111111111111111111111111111111111111111111111111111111111111111111111111000000000111111111111111111111111111111111111111111111000000001111111000000000111111000000000111111100000000000000001111110000000001111111111111100000000011111111111111111
0000000001111111111111111111111111111111111111111111110000000011111110000000000000000111111100000000111111100000000011111100000000011111110000000011111111111111111111111111111111111111111111111111111111111111111111111111111111111111111111111111111111111111111111111111111111111111111111111111111111111111111111111111111111111111111111111111111111111111111111111111111111111111111111111111111111111111111111111111111111111111111111111111111111111111111111111111111111111111111111111111111100000000111111111111111111111111111111111111111111111000000000111111000000000111111100000000111111100000000000000001111111000000001111111111111110000000011111111111111111
0000000001111111111111111111111111111111111111111111110000000011111110000000000000000111111100000000111111100000000111111100000000011111100000000011111111111111111111111111111111111111111111111111111111111111111111111111111111111111111111111111111111111111111111111111111111111111111111111111111111111111111111111111111111111111111111111111111111111111111111111111111111111111111111111111111111111111111111111111111111111111111111111111111111111111111111111111111111111111111111111111111000000000111111111111111111111111111111111111111111111000000000111111000000000111111100000000111111100000000000000001111111000000001111111111111110000000011111111111111111
0000000001111111111111111111111111111111111111111111100000000011111110000000000000000111111000000000111111100000000111111100000000111111100000000011111111111111111111111111111111111111111111111111111111111111111111111111111111111111111111111111111111111111111111111111111111111111111111111111111111111111111111111111111111111111111111111111111111111111111111111111111111111111111111111111111111111111111111111111111111111111111111111111111111111111111111111111111111111111111111111111111000000000111111111111111111111111111111111111111111111000000001111111000000000111111000000000111111100000000000000001111110000000001111111111111100000000011111111111111111
0000000001111111111111111111111111111111111111111111110000000011111110000000000000000111111100000000111111100000000011111100000000011111110000000011111111111111111111111111111111111111111111111111111111111111111111111111111111111111111111111111111111111111111111111111111111111111111111111111111111111111111111111111111111111111111111111111111111111111111111111111111111111111111111111111111111111111111111111111111111111111111111111111111111111111111111111111111111111111111111111111111100000000111111111111111111111111111111111111111111111000000000111111000000000111111100000000111111100000000000000001111111000000001111111111111110000000011111111111111111

#9
0000000001111111111111111111111111111111111111111111110000000001111110000000000000000111111100000000011111100000000011111110000000011111110000000011111111111111111111111111111111111111111111111111111111111111111111111111111111111111111111111111111111111111111111111111111111111111111111111111111111111111111111111111111111111111111111111111111111111111111111111111111111111111111111111111111111111111111111111111111111111111111111111111111111111111111111111111111111111111111111111111111100000000011111111111111111111111111111111111111111111100000000000000001111111111111100000000011111100000000000000001111111000000000111111111111110000000001111111111111111
0000000001111111111111111111111111111111111111111111110000000011111110000000000000000111111100000000111111100000000011111100000000011111110000000011111111111111111111111111111111111111111111111111111111111111111111111111111111111111111111111111111111111111111111111111111111111111111111111111111111111111111111111111111111111111111111111111111111111111111111111111111111111111111111111111111111111111111111111111111111111111111111111111111111111111111111111111111111111111111111111111111100000000111111111111111111111111111111111111111111111000000000000000011111111111111100000000111111100000000000000001111111000000001111111111111110000000011111111111111111
0000000001111111111111111111111111111111111111111111100000000011111110000000000000001111111100000000111111100000000111111100000000011111100000000011111111111111111111111111111111111111111111111111111111111111111111111111111111111111111111111111111111111111111111111111111111111111111111111111111111111111111111111111111111111111111111111111111111111111111111111111111111111111111111111111111111111111111111111111111111111111111111111111111111111111111111111111111111111111111111111111111000000000111111111111111111111111111111111111111111111000000000000000011111111111111000000000111111100000000000000001111110000000001111111111111100000000111111111111111111
0000000001111111111111111111111111111111111111111111110000000011111110000000000000000111111100000000111111100000000011111100000000011111110000000011111111111111111111111111111111111111111111111111111111111111111111111111111111111111111111111111111111111111111111111111111111111111111111111111111111111111111111111111111111111111111111111111111111111111111111111111111111111111111111111111111111111111111111111111111111111111111111111111111111111111111111111111111111111111111111111111111100000000111111111111111111111111111111111111111111111000000000000000011111111111111100000000111111100000000000000001111111000000001111111111111110000000011111111111111111
0000000011111111111111111111111111111111111111111111100000000011111110000000000000000111111000000000111111100000000111111100000000111111100000000011111111111111111111111111111111111111111111111111111111111111111111111111111111111111111111111111111111111111111111111111111111111111111111111111111111111111111111111111111111111111111111111111111111111111111111111111111111111111111111111111111111111111111111111111111111111111111111111111111111111111111111111111111111111111111111111111111000000000111111111111111111111111111111111111111111111000000000000000011111111111111000000000111111000000000000000001111110000000011111111111111100000000111111111111111111

#0
0000000001111111111111111111111111111111111111111111110000000011111110000000000000001111111100000000111111100000000111111100000000111111100000000011111111111111111111111111111111111111111111111111111111111111111111111111111111111111111111111111111111111111111111111111111111111111111111111111111111111111111111111111111111111111111111111111111111111111111111111111111111111111111111111111111111111111111111111111111111111111111111111111111111111111111111111111111111111111111111111111111000000000111111111111111111111111111111111111111111111000000000111111000000000111111000000000111111100000000111111100000000000000001111111111111100000000011111111111111111
0000000001111111111111111111111111111111111111111111110000000011111110000000000000000011111100000000011111100000000011111110000000011111110000000011111111111111111111111111111111111111111111111111111111111111111111111111111111111111111111111111111111111111111111111111111111111111111111111111111111111111111111111111111111111111111111111111111111111111111111111111111111111111111111111111111111111111111111111111111111111111111111111111111111111111111111111111111111111111111111111111111100000000011111111111111111111111111111111111111111111100000000111111100000000111111100000000011111100000000011111110000000000000000111111111111110000000001111111111111111
0000000001111111111111111111111111111111111111111111110000000011111110000000000000000111111100000000111111100000000011111100000000011111100000000011111111111111111111111111111111111111111111111111111111111111111111111111111111111111111111111111111111111111111111111111111111111111111111111111111111111111111111111111111111111111111111111111111111111111111111111111111111111111111111111111111111111111111111111111111111111111111111111111111111111111111111111111111111111111111111111111111000000000111111111111111111111111111111111111111111111000000000111111000000000111111100000000111111100000000111111100000000000000001111111111111110000000011111111111111111
0000000001111111111111111111111111111111111111111111100000000011111110000000000000000111111000000000111111100000000111111100000000111111100000000011111111111111111111111111111111111111111111111111111111111111111111111111111111111111111111111111111111111111111111111111111111111111111111111111111111111111111111111111111111111111111111111111111111111111111111111111111111111111111111111111111111111111111111111111111111111111111111111111111111111111111111111111111111111111111111111111111000000000111111111111111111111111111111111111111111111000000001111111000000000111111000000001111111100000000111111100000000000000001111111111111100000000011111111111111111
0000000011111111111111111111111111111111111111111111100000000011111100000000000000000111111000000000111111100000000111111100000000111111100000000011111111111111111111111111111111111111111111111111111111111111111111111111111111111111111111111111111111111111111111111111111111111111111111111111111111111111111111111111111111111111111111111111111111111111111111111111111111111111111111111111111111111111111111111111111111111111111111111111111111111111111111111111111111111111111111111111111000000000111111111111111111111111111111111111111111111000000001111111000000001111111000000000111111000000000111111100000000000000001111111111111100000000011111111111111111
