# 1
00000000011111111000000000011111111000000000000000000111111110000000000111111110000000000111111110000000000111111110000000000111111110000000001111111100000000001111111100000000001111111100000000001111111100000000011111111111111111000000000011111111111111111111
# 2
000000000111111100000000001111111100000000000000000001111111100000000001111111100000000001111111000000000011111111000000000011111111000000000011111111000000000011111110000000000111111110000000000111111111111111110000000000000000000111111111111111111111
# 2 rep
000000000111111110000000000000000001111111100000000001111111100000000001111111100000000001111111100000000011111111100000000011111111000000000011111111000000000011111111000000000011111111000000000111111111111111110000000000000000000111111111111111111111
000000000111111110000000000000000000111111110000000001111111110000000001111111100000000001111111100000000001111111100000000001111111100000000011111111000000000011111111000000000011111111000000000011111111111111111000000000000000000111111111111111111111
000000001111111100000000000000000001111111100000000001111111100000000001111111100000000011111111000000000011111111000000000011111111000000000011111111000000000111111110000000000111111110000000000111111111111111110000000000000000000111111111111111111111
000000000111111110000000000000000001111111100000000001111111100000000001111111100000000001111111100000000011111111000000000011111111000000000011111111000000000011111111000000000011111111000000000111111111111111110000000000000000000111111111111111111111
000000000111111110000000000000000000111111110000000001111111100000000001111111100000000001111111100000000001111111100000000001111111100000000011111111000000000011111111000000000011111111000000000011111111111111111000000000000000000111111111111111111111
0000000011111111000000000000000000011111111000000000011111111000000000011111111000000000111111110000000000111111110000000000111111110000000000111111110000000001111111100000000001111111100000000001111111111111111100000000000000000011111111111111
000000000111111110000000000000000001111111100000000001111111100000000001111111100000000001111111100000000011111111000000000011111111000000000011111111000000000011111111000000000111111110000000000111111111111111110000000000000000000111111111111111111111
000000000111111110000000000000000000111111110000000001111111100000000001111111100000000001111111100000000001111111100000000011111111000000000011111111000000000011111111000000000011111111000000000011111111111111110000000000000000000111111111111111111111
0000000011111111000000000000000000011111111000000000011111111000000000111111110000000000111111110000000000111111110000000000111111110000000000111111110000000001111111100000000001111111100000000001111111111111111100000000000000000011111111111111
000000000111111110000000000000000001111111100000000001111111100000000001111111100000000001111111100000000011111111000000000011111111000000000011111111000000000011111111000000000111111110000000000111111111111111110000000000000000000111111111111111111111
000000000111111110000000000000000000111111110000000001111111100000000001111111100000000001111111100000000001111111100000000011111111000000000011111111000000000011111111000000000011111111000000000011111111111111110000000000000000000111111111111111111111
# 3
000000000111111100000000001111111100000000000000000001111111100000000001111111000000000001111111000000000011111111000000000011111111000000000011111111000000000011111110000000000111111110000000000111111111111111110000000000000000000111111111111111111111
# 3 x 2
000000000111111110000000000000000000111111110000000000111111110000000000111111100000000001111111100000000001111111100000000001111111100000000001111111000000000011111111000000000011111111000000000011111111111111111000000000000000000111111111111111111111
000000001111111100000000000000000001111111100000000001111111100000000001111111100000000001111111000000000011111111000000000011111111000000000011111111000000000011111110000000000111111110000000000111111111111111110000000000000000000111111111111111111111
000000000111111110000000000111111110000000000000000000111111100000000001111111100000000001111111100000000001111111100000000001111111000000000011111111000000000011111111000000000011111111000000000011111111111111110000000000000000000111111111111111111111
