# 1
0000000011111111000000000111111110000000001111111100000000000000000111111110000000001111111111111111000000000000000000111111110000000001111111000000000111111110000000000111111100000000001111111000000000011111111111111100000000001111111111111111
# 2
00000000111111110000000000000000001111111111111111000000000000000001111111100000000011111111111111110000000000000000001111111100000000011111110000000001111111100000000001111111000000000011111111111111110000000000000000011111111111111111
# 2 rep
00000000011111110000000000000000001111111111111111000000000000000000111111100000000011111111111111110000000000000000001111111100000000011111110000000000111111100000000001111111000000000011111111111111110000000000000000011111111111111111
00000000011111110000000000000000001111111111111111000000000000000000111111100000000001111111111111111000000000000000001111111100000000011111111000000000111111110000000001111111100000000011111111111111110000000000000000001111111111111111
00000000111111110000000000000000001111111111111111000000000000000001111111100000000011111111111111110000000000000000001111111000000000011111110000000000111111100000000001111111000000000111111111111111100000000000000000011111111111111111
00000000111111110000000000000000001111111111111111000000000000000000111111100000000001111111111111110000000000000000001111111100000000011111111000000000111111110000000001111111000000000011111111111111110000000000000000011111111111111111
00000000011111110000000000000000000111111111111111000000000000000000111111100000000001111111111111111000000000000000001111111100000000001111111000000000011111110000000001111111100000000011111111111111110000000000000000001111111111111111
00000000111111110000000000000000001111111111111111000000000000000001111111100000000011111111111111110000000000000000001111111000000000011111110000000000111111100000000001111111000000000111111111111111100000000000000000011111111111111111
00000000011111110000000000000000001111111111111111000000000000000000111111100000000001111111111111110000000000000000001111111100000000011111111000000000111111110000000001111111000000000011111111111111110000000000000000011111111111111111
00000000111111100000000000000000001111111111111110000000000000000001111111100000000011111111111111110000000000000000011111111000000000011111110000000001111111100000000011111111000000000111111111111111100000000000000000011111111111111111
00000000011111110000000000000000001111111111111111000000000000000001111111100000000011111111111111110000000000000000001111111000000000011111110000000000111111100000000001111111000000000011111111111111100000000000000000011111111111111111
00000000011111110000000000000000001111111111111111000000000000000000111111100000000001111111111111111000000000000000001111111100000000011111111000000000111111110000000001111111100000000011111111111111110000000000000000011111111111111111
00000000111111100000000000000000001111111111111110000000000000000001111111100000000011111111111111110000000000000000001111111000000000011111110000000000111111100000000011111111000000000111111111111111100000000000000000011111111111111111
# 3
0000000011111111000000000111111110000000001111111100000000000000000011111110000000001111111111111111000000000000000000111111110000000001111111100000000011111110000000000111111100000000001111111111111111000000000111111100000000001111111111111111
# 3x2
00000000111111110000000001111111100000000011111111000000000000000001111111100000000011111111111111110000000000000000001111111100000000011111111000000000111111100000000001111111000000000111111111111111110000000000000000011111111111111111
00000000111111110000000000000000001111111111111111000000000000000001111111100000000011111111111111110000000000000000001111111100000000011111111000000000111111110000000001111111000000000011111111111111110000000000000000011111111111111111
00000000111111110000000001111111100000000011111111000000000000000001111111100000000011111111111111110000000000000000001111111100000000011111111000000000111111100000000011111111000000000111111111111111110000000000000000011111111111111111
