#1
000000111111110000001111000000000011110000011111111100000111100000000001111111110000000000111111110000001111000001111000000111000000111100000111100000000001111111100000011111111111111111
000001111111110000011110000000000011100000011111111000000111100000000001111111100000000000111111110000011110000001111000001111000000111000000111100000000001111111100000011111111111111111
000000111111110000001111000000000011110000011111111100000111100000000001111111110000000000111111110000001111000001111000000111000000111100000111100000000001111111110000011111111111111111
000001111111110000001111000000000111110000011111111100000111100000000001111111100000000000111111110000011110000001111000000111000000111000000111100000000001111111100000011111111111111111
000000111111111000001111000000000011110000001111111100000011100000000000111111110000000000111111111000001111000000111000000111100000111100000011100000000000111111110000001111111111111111
#2
0000001111111100000011110000000000111100000111111111000001111000000000011111111000000000001111111100000011100000011110000001110000001110000000000011111111000000000011111111111111
0000001111111100000011110000000000111100000111111111000001111000000000011111111000000000001111111100000011100000011110000001110000001110000000000011111111000000000011111111111111
000000111111111000001111000000000011110000001111111100000011100000000000111111110000000000111111111000001111000000111000000111100000111100000000001111111110000000000111111111111111111111
0000001111111100000011100000000000111000000111111110000001111000000000011111111000000000001111111100000011100000011110000011110000001110000000000011111111000000000011111111111111
000000111111110000001111000000000011110000011111111100000011100000000001111111110000000000111111110000001111000001111000000111000000111100000000001111111100000000000111111111111111111111
#3
000000011111111000000111000000000001110000001111111100000011110000000000111111110000000000111111111000000111000000111000000111100000011100000000001111000000111111110000001111111111111111
000000111111110000011110000000000011100000011111111000000111100000000001111111100000000000111111110000001110000011111000001111000000111000000000011110000001111111100000011111111111111111
000000111111110000001110000000000011100000011111111000000111100000000001111111100000000000111111110000001110000001111000001111000000111000000000001110000001111111100000011111111111111111
000000111111111000001111000000000011110000001111111100000011100000000001111111110000000000111111110000001111000000111000000111000000111100000000001111000001111111110000011111111111111111
000000111111110000001111000000000011110000011111111100000111100000000001111111100000000000111111110000011110000001111000000111000000111000000000001110000001111111100000011111111111111111
#4
0000001111111100000011100000000000111000000111111110000001111000000000011111111000000000001111111100000011100000011110000011110000000000111111111000001111000000000011111111111111
0000001111111100000011110000000000111100000111111111000001111000000000011111111100000000001111111100000011110000011110000001110000000000011111111000000111000000000011111111111111
000000111111111000001111000000000011110000011111111100000111100000000001111111110000000000111111111000001111000001111000000111100000000001111111100000011110000000000111111111111111111111
000000111111110000001111000000000011110000011111111100000111100000000001111111110000000000111111110000001111000001111000000111000000000001111111100000111100000000000111111111111111111111
000000111111110000001111000000000011110000011111111100000111100000000001111111110000000000111111110000001111000001111000000111000000000011111111100000011100000000000111111111111111111111
#5
000000011111111000000111000000000011110000001111111100000011100000000000111111110000000000111111111000001111000000111000000111100000000001111111100000000000111111110000001111111111111111
000000111111110000001110000000000011100000011111111000000111100000000001111111100000000000111111110000001110000001111000001111000000000011111111000000000001111111100000011111111111111111
000000111111110000001111000000000011110000011111111100000111100000000001111111110000000000111111110000001111000001111000000111000000000001111111100000000001111111110000011111111111111111
000000111111111000001111000000000011110000001111111100000011100000000000111111110000000000111111111000001111000000111000000111100000000001111111100000000000111111110000001111111111111111
000000111111111000001111000000000011110000001111111100000011100000000000111111110000000000111111111000001111000000111000000111100000000001111111100000000000111111110000001111111111111111
#6
000000111111111000001111000000000011110000001111111100000011100000000000111111110000000000111111110000001111000001111000000111000000000001110000001111111100000000000111111111111111111111
000000111111110000001111000000000011110000011111111100000111100000000001111111110000000000111111110000001111000001111000000111000000000001110000001111111100000000000111111111111111111111
000000111111111000001111000000000011110000001111111100000011100000000000111111110000000000111111110000001111000000111000000111000000000001110000001111111100000000000111111111111111111111
0000001111111100000011100000000000111000000111111110000001111000000000011111111000000000001111111100000011100000011110000011110000000000111100000011111111000000000011111111111111
000000011111111000000111000000000001110000001111111100000011100000000000111111110000000000111111111000000111000000111000000111100000000001111000001111111110000000000111111111111111111111
#7
000000111111110000001110000000000011100000011111111000000111100000000001111111100000000000111111110000001110000001111000001111000000000011110000001110000001111111100000011111111111111111
000000111111111000001111000000000011110000001111111100000011100000000000111111110000000000111111111000001111000000111000000111100000000001111000001111000000111111110000001111111111111111
000000111111110000001111000000000011110000011111111100000111100000000001111111110000000000111111110000001111000001111000000111000000000001110000001111000001111111110000011111111111111111
000000111111110000001111000000000011110000011111111100000111100000000001111111110000000000111111110000001111000001111000000111000000000001110000001111000001111111110000011111111111111111
000000111111110000001111000000000011110000011111111100000111100000000001111111110000000000111111110000001111000001111000000111000000000001110000001111000001111111110000011111111111111111
#8
000000111111110000001111000000000011110000011111111100000111100000000001111111110000000000111111110000001111000001111000000000011111111100000111100000011100000000000111111111111111111111
0000001111111100000011110000000000111000000111111111000001111000000000011111111000000000001111111100000011100000011110000000000111111110000001111000001111000000000011111111111111
000000111111111000001111000000000011110000001111111100000011100000000000111111110000000000111111110000001111000000111000000000011111111100000011100000011100000000000111111111111111111111
000000111111111000001111000000000011110000001111111100000011100000000000111111110000000000111111111000001111000000111000000000001111111100000011100000011110000000000111111111111111111111
000000111111111000001111000000000011110000001111111100000011100000000000111111110000000000111111111000001111000000111000000000001111111100000011100000011110000000000111111111111111111111
#9
000000111111110000001110000000000011100000011111111000000111100000000001111111100000000000111111110000001110000001111000000000011111111000000111100000000001111111100000011111111111111111
000000111111110000001110000000000011100000011111111000000111100000000001111111100000000000111111110000001110000001111000000000011111111000000111100000000001111111100000011111111111111111
000000111111110000001111000000000011110000011111111100000111100000000001111111100000000000111111110000001110000001111000000000011111111000000111100000000001111111100000011111111111111111
000000111111111000001111000000000011110000001111111100000011100000000000111111110000000000111111111000001111000000111000000000001111111100000011100000000000111111110000001111111111111111
000000111111110000001110000000000011100000011111111000000111100000000001111111100000000000111111110000001110000001111000000000011111111000000111100000000001111111100000011111111111111111
#0
0000001111111100000011100000000000111000000111111110000001111000000000011111111000000000001111111100000011100000011100000000000111111110000000000111111111000000000011111111111111
000000111111111000001111000000000011110000001111111100000011100000000000111111110000000000111111111000001111000000111000000000001111111100000000001111111110000000000111111111111111111111
0000001111111100000011110000000000111100000111111111000001111000000000011111111100000000001111111100000011110000011110000000000111111110000000000011111111000000000011111111111111
000000111111111000001111000000000011110000011111111100000011100000000001111111110000000000111111110000001111000001111000000000011111111100000000001111111100000000000111111111111111111111
0000001111111100000011100000000000111000000111111110000001111000000000011111111000000000001111111100000011100000011110000000000111111110000000000011111111000000000011111111111111

