# T-Home Mediareceiver (Ruwido)
#1
00000000011111111111111000000001111111000000000000000011111100000000011111111111111000000001111110000000000000000111111111111110000000000000000111111111111110000000001111110000000001111110000000001111110000000011111110000000011111110000000000000000111111111111110000000011111111111111111111
00000000011111111111111000000000111111000000000000000011111110000000011111111111111000000000111111000000000000000011111111111111000000000000000011111111111111000000001111111000000001111111000000001111111000000001111110000000001111110000000000000000111111111111110000000001111111111111111111
00000000011111111111111000000001111111000000000000000011111100000000011111111111111000000001111111000000000000000111111111111110000000000000000111111111111110000000001111110000000001111110000000001111110000000001111110000000001111110000000000000000111111111111110000000011111111111111111111
00000000011111111111111000000001111111000000000000000011111100000000011111111111111000000000111111000000000000000011111111111110000000000000000011111111111110000000001111110000000001111110000000001111110000000001111110000000001111110000000000000000011111111111110000000001111111111111111111
00000000011111111111111000000000111111000000000000000001111100000000001111111111111000000000111111000000000000000011111111111111000000000000000011111111111111000000000111110000000000111110000000000111110000000000111110000000001111110000000000000000011111111111110000000001111111111111111111
00000000011111111111111000000000111111000000000000000011111100000000011111111111110000000000111110000000000000000011111111111110000000000000000011111111111110000000001111110000000001111110000000001111110000000001111110000000001111110000000000000000111111111111110000000001111111111111111111
00000000011111111111111000000000111111000000000000000011111100000000011111111111110000000000111110000000000000000011111111111110000000000000000011111111111110000000001111110000000001111110000000001111110000000001111110000000001111110000000000000000111111111111110000000001111111111111111111
00000000011111111111111000000000111111000000000000000011111100000000011111111111110000000000111110000000000000000011111111111110000000000000000011111111111110000000001111110000000001111110000000001111110000000001111110000000001111110000000000000000111111111111110000000001111111111111111111
00000000011111111111111000000000111111000000000000000011111100000000011111111111110000000000111110000000000000000011111111111110000000000000000011111111111110000000001111110000000001111110000000001111110000000001111110000000001111110000000000000000111111111111110000000001111111111111111111
00000000011111111111111000000000111111000000000000000011111100000000011111111111110000000000111110000000000000000011111111111110000000000000000011111111111110000000001111110000000001111110000000001111110000000001111110000000001111110000000000000000111111111111110000000001111111111111111111
00000000011111111111111000000000111111000000000000000011111100000000011111111111110000000000111110000000000000000011111111111110000000000000000011111111111110000000001111110000000001111110000000001111110000000001111110000000001111110000000000000000111111111111110000000001111111111111111111
00000000011111111111111000000000111111000000000000000011111100000000011111111111110000000000111110000000000000000011111111111110000000000000000011111111111110000000001111110000000001111110000000001111110000000001111110000000001111110000000000000000111111111111110000000001111111111111111111

#2
000000000111111111111110000000011111110000000000000000111111000000000111111111111110000000011111100000000000000001111111111111100000000000000001111111111111100000000011111100000000011111100000000011111100000000011111100000000000000001111111111111100000000000000001111111111111111111
000000000111111111111110000000001111110000000000000000111111000000000111111111111100000000001111100000000000000000111111111111100000000000000000111111111111100000000011111100000000011111100000000011111100000000011111100000000000000001111111111111100000000000000001111111111111111111
000000000111111111111110000000001111110000000000000000111111000000000111111111111100000000001111100000000000000000111111111111100000000000000000111111111111100000000011111100000000011111100000000011111100000000011111100000000000000001111111111111100000000000000001111111111111111111
000000000111111111111110000000011111100000000000000001111111000000001111111111111100000000011111100000000000000001111111111111100000000000000001111111111111100000000111111100000000111111100000000111111100000000111111100000000000000001111111111111100000000000000011111111111111111111
000000000111111111111100000000001111100000000000000000111111000000000111111111111100000000011111100000000000000000111111111111100000000000000000111111111111100000000011111100000000011111100000000011111100000000011111000000000000000001111111111111000000000000000001111111111111111111
#3
00000000011111111111111000000000111111000000000000000011111100000000011111111111111000000001111111000000000000000011111111111110000000000000000111111111111110000000001111110000000001111110000000001111110000000001111110000000000000000111111000000000111111111111110000000011111111111111111111
00000000011111111111111000000000111111000000000000000011111100000000011111111111111000000001111111000000000000000011111111111111000000000000000011111111111110000000001111110000000001111110000000001111110000000001111110000000000000000111111100000000111111111111110000000001111111111111111111
00000000011111111111111000000001111111000000000000000011111100000000011111111111111000000001111110000000000000000111111111111110000000000000000111111111111110000000001111110000000001111110000000001111110000000001111110000000000000000111111000000000111111111111110000000011111111111111111111
00000000011111111111111000000001111111000000000000000011111100000000011111111111111000000001111111000000000000000111111111111110000000000000000111111111111110000000001111110000000001111110000000001111110000000001111110000000000000000111111000000000111111111111110000000011111111111111111111
00000000011111111111111000000001111111000000000000000011111100000000011111111111111000000001111111000000000000000011111111111110000000000000000111111111111110000000001111110000000001111110000000001111110000000001111110000000000000000111111000000000111111111111110000000011111111111111111111
#4
000000000111111111111110000000011111110000000000000000111111000000001111111111111100000000011111100000000000000001111111111111100000000000000001111111111111100000000011111100000000111111100000000111111100000000000000001111111111111100000000111111100000000000000001111111111111111111
000000000111111111111110000000011111100000000000000001111111000000000111111111111100000000011111100000000000000000111111111111100000000000000000111111111111100000000011111100000000011111100000000111111100000000000000001111111111111100000000111111000000000000000001111111111111111111
000000000111111111111110000000001111110000000000000000111111000000000111111111111110000000011111110000000000000000111111111111110000000000000000111111111111110000000001111100000000011111100000000001111100000000000000000111111111111100000000011111100000000000000000111111111111111111
000000000111111111111110000000011111100000000000000001111111000000001111111111111100000000011111100000000000000001111111111111100000000000000001111111111111100000000111111100000000111111100000000111111100000000000000001111111111111100000000111111000000000000000011111111111111111111
000000000111111111111110000000011111110000000000000000111111000000000111111111111100000000011111100000000000000001111111111111100000000000000001111111111111100000000011111100000000011111100000000111111100000000000000001111111111111100000000111111100000000000000001111111111111111111
#5
00000000011111111111111000000000111111000000000000000011111100000000011111111111111000000001111111000000000000000011111111111111000000000000000011111111111111000000001111110000000001111110000000001111110000000000000000111111111111110000000000000000111111111111110000000001111111111111111111
00000000011111111111111000000000111111000000000000000001111100000000001111111111111000000000111111000000000000000011111111111111000000000000000011111111111111000000000111110000000000111110000000000111110000000000000000011111111111110000000000000000011111111111110000000001111111111111111111
00000000011111111111111000000001111111000000000000000111111100000000111111111111110000000001111110000000000000000111111111111110000000000000000111111111111110000000011111110000000011111110000000011111110000000000000000111111111111110000000000000000111111111111100000000011111111111111111111
00000000011111111111111000000000111111000000000000000011111100000000011111111111111000000001111111000000000000000011111111111111000000000000000011111111111111000000001111110000000001111110000000001111110000000000000000111111111111110000000000000000111111111111110000000001111111111111111111
00000000011111111111111000000000111111000000000000000001111110000000001111111111111000000000111111000000000000000001111111111111000000000000000011111111111111000000000111111000000000111111000000000111110000000000000000011111111111110000000000000000011111111111110000000001111111111111111111
#6
000000000111111111111110000000001111110000000000000000111111000000000111111111111110000000011111110000000000000000111111111111110000000000000000111111111111100000000011111100000000011111100000000011111100000000000000001111111000000001111111111111100000000000000001111111111111111111
000000000111111111111110000000001111110000000000000000111111000000000111111111111110000000011111110000000000000000111111111111110000000000000000111111111111110000000011111100000000011111100000000011111100000000000000001111111000000001111111111111100000000000000001111111111111111111
000000000111111111111110000000011111110000000000000001111111000000001111111111111100000000011111100000000000000001111111111111100000000000000001111111111111100000000111111100000000111111100000000111111100000000000000001111110000000001111111111111100000000000000011111111111111111111
000000000111111111111110000000011111110000000000000000111111000000000111111111111100000000001111100000000000000000111111111111100000000000000000111111111111100000000011111100000000011111100000000011111100000000000000001111110000000001111111111111100000000000000001111111111111111111
000000000111111111111110000000011111100000000000000000111111000000000111111111111100000000011111100000000000000000111111111111100000000000000000111111111111100000000011111100000000011111100000000011111100000000000000001111110000000001111111111111000000000000000001111111111111111111
#7
00000000011111111111111000000001111111000000000000000011111100000000011111111111111000000001111110000000000000000111111111111110000000000000000111111111111110000000001111110000000001111110000000001111110000000000000000111111000000000111111000000000111111111111110000000011111111111111111111
00000000011111111111111000000000111111000000000000000011111100000000011111111111111000000001111111000000000000000011111111111110000000000000000111111111111110000000001111110000000001111110000000001111110000000000000000111111100000000111111000000000111111111111110000000011111111111111111111
00000000011111111111111000000001111111000000000000000011111100000000011111111111111000000001111111000000000000000011111111111110000000000000000111111111111110000000001111110000000001111110000000001111110000000000000000111111000000000111111000000000111111111111110000000011111111111111111111
00000000011111111111111000000001111111000000000000000011111100000000011111111111110000000001111110000000000000000111111111111110000000000000000111111111111110000000001111110000000001111110000000001111110000000000000000111111000000000111111000000000111111111111110000000011111111111111111111
00000000011111111111111000000001111111000000000000000011111100000000111111111111110000000001111110000000000000000111111111111110000000000000000111111111111110000000001111110000000011111110000000011111110000000000000000111111000000000111111000000000111111111111110000000011111111111111111111
#8
000000000111111111111110000000001111100000000000000000111111000000000111111111111100000000011111100000000000000000111111111111100000000000000000111111111111100000000011111100000000111111100000000000000001111111111111100000000011111100000000011111000000000000000001111111111111111111
000000000111111111111110000000001111110000000000000000111111000000000111111111111100000000011111100000000000000000111111111111100000000000000000111111111111100000000011111100000000011111100000000000000001111111111111100000000011111100000000011111100000000000000001111111111111111111
000000000111111111111110000000001111110000000000000000111111000000000111111111111100000000011111100000000000000000111111111111100000000000000000111111111111100000000011111100000000011111100000000000000001111111111111100000000011111100000000011111100000000000000001111111111111111111
000000000111111111111110000000001111100000000000000000111111000000000111111111111100000000011111100000000000000000111111111111100000000000000000111111111111100000000011111100000000011111100000000000000001111111111111100000000011111100000000011111000000000000000001111111111111111111
000000000111111111111110000000001111110000000000000000111111000000000111111111111100000000001111100000000000000000111111111111100000000000000000111111111111100000000011111100000000011111100000000000000001111111111111100000000011111100000000011111100000000000000001111111111111111111
#9
00000000011111111111111000000000111111000000000000000011111100000000011111111111111000000001111111000000000000000011111111111111000000000000000011111111111110000000001111110000000001111110000000000000000111111111111110000000001111110000000000000000111111111111110000000001111111111111111111
00000000011111111111111000000000111111000000000000000011111110000000011111111111111000000000111111000000000000000001111111111111000000000000000011111111111111000000000111111000000000111111000000000000000011111111111110000000000111110000000000000000011111111111110000000001111111111111111111
00000000011111111111111000000000111111000000000000000001111100000000001111111111111000000000111111000000000000000011111111111111000000000000000011111111111110000000000111110000000000111110000000000000000011111111111110000000001111110000000000000000011111111111110000000001111111111111111111
00000000011111111111111000000001111111000000000000000011111100000000011111111111110000000001111110000000000000000111111111111110000000000000000111111111111110000000001111110000000001111110000000000000000111111111111110000000011111110000000000000000111111111111110000000011111111111111111111
00000000011111111111111000000000111111000000000000000001111100000000001111111111111000000000111111000000000000000011111111111111000000000000000011111111111111000000000111110000000000111110000000000000000011111111111110000000001111110000000000000000011111111111110000000001111111111111111111
#0
000000000111111111111110000000001111110000000000000000111111100000000111111111111110000000001111110000000000000000111111111111110000000000000000111111111111110000000011111110000000011111100000000000000001111111111111100000000000000001111111111111100000000000000001111111111111111111
000000000111111111111110000000011111110000000000000000111111000000000111111111111110000000011111110000000000000000111111111111100000000000000001111111111111100000000011111100000000011111100000000000000001111111111111100000000000000001111111111111100000000000000001111111111111111111
000000000111111111111110000000001111110000000000000000111111100000000111111111111110000000001111110000000000000000111111111111110000000000000000111111111111110000000011111110000000011111110000000000000001111111111111100000000000000001111111111111100000000000000001111111111111111111
000000000111111111111110000000011111100000000000000001111111000000001111111111111100000000011111100000000000000001111111111111100000000000000001111111111111100000000111111100000000111111100000000000000001111111111111100000000000000001111111111111000000000000000011111111111111111111
000000000111111111111110000000001111110000000000000000111111000000000111111111111110000000011111110000000000000000111111111111110000000000000000111111111111100000000011111100000000011111100000000000000001111111111111100000000000000001111111111111100000000000000001111111111111111111
